{
  "cells": [
    {
      "cell_type": "markdown",
      "source": [
        "# Vendedor Viajero - Algortimo Genético."
      ],
      "metadata": {
        "id": "aitXcxHdnT1C"
      },
      "id": "aitXcxHdnT1C"
    },
    {
      "cell_type": "markdown",
      "source": [
        "## Importación de librerías y paquetes necesarios."
      ],
      "metadata": {
        "id": "4W3bVHAh-GHI"
      },
      "id": "4W3bVHAh-GHI"
    },
    {
      "cell_type": "code",
      "execution_count": null,
      "id": "bed295a4",
      "metadata": {
        "id": "bed295a4"
      },
      "outputs": [],
      "source": [
        "from matplotlib import animation, rc, pyplot as plt\n",
        "from IPython.display import HTML\n",
        "from PIL import Image\n",
        "import numpy as np\n",
        "import time\n",
        "import warnings\n",
        "import urllib"
      ]
    },
    {
      "cell_type": "markdown",
      "source": [
        "## Implementación del algoritmo de optimizacipón bajo el método del algoritmo genético.\n",
        "\n"
      ],
      "metadata": {
        "id": "oOoboyXnnsqE"
      },
      "id": "oOoboyXnnsqE"
    },
    {
      "cell_type": "code",
      "execution_count": null,
      "id": "359fc507",
      "metadata": {
        "id": "359fc507"
      },
      "outputs": [],
      "source": [
        "class Population():\n",
        "  def __init__(self, bag, adjacency_mat):\n",
        "    self.bag = bag\n",
        "    self.parents = []\n",
        "    self.score = 0\n",
        "    self.best = None\n",
        "    self.adjacency_mat = adjacency_mat\n",
        "\n",
        "def generate_pop_array(cities):\n",
        "  arr = np.random.permutation(cities[1:])\n",
        "  arr = np.insert(arr, 0, 0)\n",
        "  arr = np.append(arr, 0)\n",
        "  return arr\n",
        "\n",
        "def init_population(cities, adjacency_mat, n_population):\n",
        "  population_array = np.asarray([generate_pop_array(cities) for i in range(n_population)])\n",
        "  return Population(population_array, adjacency_mat)\n",
        "\n",
        "def fitness(self, chromosome):\n",
        "  return sum(\n",
        "    [\n",
        "      self.adjacency_mat[chromosome[i], chromosome[i + 1]]\n",
        "      for i in range(len(chromosome) - 1)\n",
        "    ]\n",
        "  )\n",
        "\n",
        "def evaluate(self):\n",
        "  distances = np.asarray(\n",
        "    [self.fitness(chromosome) for chromosome in self.bag]\n",
        "  )\n",
        "  self.score = np.min(distances)\n",
        "  self.best = self.bag[distances.tolist().index(self.score)]\n",
        "  self.parents.append(self.best)\n",
        "  if False in (distances[0] == distances):\n",
        "      distances = np.max(distances) - distances\n",
        "  return distances / np.sum(distances)\n",
        "    \n",
        "def select(self, k=4):\n",
        "    fit = self.evaluate()\n",
        "    while len(self.parents) < k:\n",
        "        idx = np.random.randint(0, len(fit))\n",
        "        if fit[idx] > np.random.rand():\n",
        "            self.parents.append(self.bag[idx])\n",
        "    self.parents = np.asarray(self.parents)\n",
        "\n",
        "def swap(chromosome):\n",
        "    a, b = np.random.choice(len(chromosome), 2)\n",
        "    chromosome[a], chromosome[b] = (\n",
        "        chromosome[b],\n",
        "        chromosome[a],\n",
        "    )\n",
        "    return chromosome\n",
        "\n",
        "def crossover(self, p_cross=0.1):\n",
        "    children = []\n",
        "    count, size = self.parents.shape\n",
        "    for _ in range(len(self.bag)):\n",
        "        if np.random.rand() > p_cross:\n",
        "            children.append(\n",
        "                list(self.parents[np.random.randint(count, size=1)[0]])\n",
        "            )\n",
        "        else:\n",
        "            parent1, parent2 = self.parents[\n",
        "                np.random.randint(count, size=2), :\n",
        "            ]\n",
        "            idx = np.random.choice(range(size), size=2, replace=False)\n",
        "            start, end = min(idx), max(idx)\n",
        "            child = [None] * size\n",
        "            child[0] = 0\n",
        "            child[-1] = 0\n",
        "            for i in range(start, end + 1, 1):\n",
        "                child[i] = parent1[i]\n",
        "            pointer = 0\n",
        "            for i in range(size):\n",
        "                if child[i] is None:\n",
        "                    while pointer<15 and parent2[pointer] in child:\n",
        "                        pointer += 1\n",
        "                    child[i] = parent2[pointer]\n",
        "            children.append(child)\n",
        "    return children\n",
        "\n",
        "def mutate(self, p_cross=0.1, p_mut=0.1):\n",
        "    next_bag = []\n",
        "    children = self.crossover(p_cross)\n",
        "    for child in children:\n",
        "        if np.random.rand() < p_mut:\n",
        "            temp = [0]\n",
        "            temp += swap(child[1:-1])\n",
        "            temp.append(0)\n",
        "            next_bag.append(temp)\n",
        "        else:\n",
        "            next_bag.append(child)\n",
        "    return next_bag\n",
        "    \n",
        "def genetic_algorithm(\n",
        "    cities,\n",
        "    adjacency_mat,\n",
        "    n_population=35,\n",
        "    n_iter=10000,\n",
        "    selectivity=0.1,\n",
        "    p_cross=0.5,\n",
        "    p_mut=0.1,\n",
        "    print_interval=1000,\n",
        "    return_history=False,\n",
        "    verbose=False,\n",
        "):\n",
        "    pop = init_population(cities, adjacency_mat, n_population)\n",
        "    best = pop.best\n",
        "    score = float(\"inf\")\n",
        "    history = []\n",
        "    for i in range(n_iter):\n",
        "        pop.select(n_population * selectivity)\n",
        "        history.append(pop.score)\n",
        "        #if verbose:\n",
        "        #    print(f\"Generation {i}: {pop.score}\")\n",
        "        if i % print_interval == 0 and verbose:\n",
        "            print(f\"Generation {i}: {pop.score}\")\n",
        "        if pop.score < score:\n",
        "            best = pop.best\n",
        "            score = pop.score\n",
        "        children = pop.mutate(p_cross, p_mut)\n",
        "        pop = Population(children, pop.adjacency_mat)\n",
        "    if return_history:\n",
        "        return best, history\n",
        "    return best, score\n"
      ]
    },
    {
      "cell_type": "markdown",
      "source": [
        "## Creación del mapa de costos.\n",
        "\n",
        "El mapa de costos consiste en una matriz que representa al costo final de trasladarse de un lugar a otro, este costo incluye, el gasto de combustible, el precio de los peajes y el salario del viajero."
      ],
      "metadata": {
        "id": "ucyESYbrnbP4"
      },
      "id": "ucyESYbrnbP4"
    },
    {
      "cell_type": "code",
      "execution_count": null,
      "id": "3fc18545",
      "metadata": {
        "colab": {
          "base_uri": "https://localhost:8080/",
          "height": 538
        },
        "id": "3fc18545",
        "outputId": "30084640-735b-46a9-f746-b617be7a68eb"
      },
      "outputs": [
        {
          "output_type": "display_data",
          "data": {
            "text/plain": [
              "array([[   0.,  401.,   79.,  438.,  194.,  165.,  241., 1102.,  806.,\n",
              "        1234., 1031., 1237.,  401.,  752.,  945.],\n",
              "       [ 401.,    0.,  467.,  845.,  582.,  559.,  424., 1493., 1203.,\n",
              "        1623., 1434., 1631.,  802., 1140., 1329.],\n",
              "       [  79.,  467.,    0.,  361.,  118.,   88.,  170., 1031.,  726.,\n",
              "        1156.,  961., 1165.,  329.,  674.,  865.],\n",
              "       [ 438.,  845.,  361.,    0.,  318.,  282.,  302.,  867.,  832.,\n",
              "         995., 1050.,  979.,  443.,  407.,  557.],\n",
              "       [ 194.,  582.,  118.,  318.,    0.,   48.,   54.,  913.,  621.,\n",
              "        1042.,  849., 1050.,  215.,  559.,  747.],\n",
              "       [ 165.,  559.,   88.,  282.,   48.,    0.,   39.,  949.,  663.,\n",
              "        1082.,  903.,  968.,  268.,  594.,  804.],\n",
              "       [ 241.,  424.,  170.,  302.,   54.,   39.,    0.,  860.,  600.,\n",
              "         993.,  831.,  894.,  194.,  508.,  694.],\n",
              "       [1102., 1493., 1031.,  867.,  913.,  949.,  860.,    0.,  433.,\n",
              "         296.,  365.,  295.,  745.,  449.,  525.],\n",
              "       [ 806., 1203.,  726.,  832.,  621.,  663.,  600.,  433.,    0.,\n",
              "         343.,  276.,  353.,  405.,  717.,  795.],\n",
              "       [1234., 1623., 1156.,  995., 1042., 1082.,  993.,  296.,  343.,\n",
              "           0.,  129.,   16.,  696.,  580.,  670.],\n",
              "       [1031., 1434.,  961., 1050.,  849.,  903.,  831.,  365.,  276.,\n",
              "         129.,    0.,  120.,  640.,  650.,  731.],\n",
              "       [1237., 1631., 1165.,  979., 1050.,  968.,  894.,  295.,  353.,\n",
              "          16.,  120.,    0.,  702.,  585.,  657.],\n",
              "       [ 401.,  802.,  329.,  443.,  215.,  268.,  194.,  745.,  405.,\n",
              "         696.,  640.,  702.,    0.,  404.,  598.],\n",
              "       [ 752., 1140.,  674.,  407.,  559.,  594.,  508.,  449.,  717.,\n",
              "         580.,  650.,  585.,  404.,    0.,  198.],\n",
              "       [ 945., 1329.,  865.,  557.,  747.,  804.,  694.,  525.,  795.,\n",
              "         670.,  731.,  657.,  598.,  198.,    0.]])"
            ]
          },
          "metadata": {}
        }
      ],
      "source": [
        "# Se carga la matriz de distancias:\n",
        "distancias = np.loadtxt(\"https://raw.githubusercontent.com/JavierDarioE/Simulacion_Misc/main/distancias.csv\",\n",
        "                 delimiter=\",\")\n",
        "display(distancias)"
      ]
    },
    {
      "cell_type": "code",
      "source": [
        " # Se carga la matriz de costo en peajes:\n",
        "peajes = np.loadtxt(\"https://raw.githubusercontent.com/JavierDarioE/Simulacion_Misc/main/peajes.csv\",\n",
        "                 delimiter=\",\")\n",
        "display(peajes)"
      ],
      "metadata": {
        "colab": {
          "base_uri": "https://localhost:8080/",
          "height": 798
        },
        "id": "1CfNTKqxyte8",
        "outputId": "1460a2d5-d8b0-4d6d-bafd-91a3478461d9"
      },
      "id": "1CfNTKqxyte8",
      "execution_count": null,
      "outputs": [
        {
          "output_type": "display_data",
          "data": {
            "text/plain": [
              "array([[     0.,  46600.,  27500.,  99600.,  49600.,  47900.,  75700.,\n",
              "        160000., 170300., 213900., 203600., 175900.,  93000., 122800.,\n",
              "        140100.],\n",
              "       [ 46600.,      0.,  55900., 133900.,  80300.,  78500., 104700.,\n",
              "        183400., 199200., 233500., 229500., 222200., 122500., 156000.,\n",
              "        171100.],\n",
              "       [ 27500.,  55900.,      0., 144200.,  22100.,  40800.,  57300.,\n",
              "        141600., 142800., 186400., 183400., 267800.,  74600., 328900.,\n",
              "        129500.],\n",
              "       [ 99600., 133900., 144200.,      0.,  70700.,  55400.,  45400.,\n",
              "        103700., 137900., 139000., 130800., 142500.,  74800.,  55100.,\n",
              "         42600.],\n",
              "       [ 49600.,  80300.,  22100.,  70700.,      0.,  15300.,  24400.,\n",
              "        103100., 118900., 164300., 149200., 141900.,  42200.,  75700.,\n",
              "         90800.],\n",
              "       [ 47900.,  78500.,  40800.,  55400.,  15300.,      0.,  39700.,\n",
              "        100000., 134200., 138100., 164500., 138800.,  57500.,  72600.,\n",
              "         87700.],\n",
              "       [ 75700., 104700.,  57300.,  45400.,  24400.,  39700.,      0.,\n",
              "         78700., 106100., 118100., 136400., 117500.,  29400.,  51300.,\n",
              "         66400.],\n",
              "       [160000., 183400., 141600., 103700., 103100., 100000.,  78700.,\n",
              "             0.,  47800.,  48700.,  37600.,  49300.,  97500.,  49300.,\n",
              "         29900.],\n",
              "       [170300., 199200., 142800., 137900., 118900., 134200., 106100.,\n",
              "         47800.,      0.,  40700.,  54500.,  41000.,  76700.,  86600.,\n",
              "         67200.],\n",
              "       [213900., 233500., 186400., 139000., 164300., 138100., 118100.,\n",
              "         48700.,  40700.,      0.,  24900.,      0., 122100.,  85300.,\n",
              "         66900.],\n",
              "       [203600., 229500., 183400., 130800., 149200., 164500., 136400.,\n",
              "         37600.,  54500.,  24900.,      0.,  33500., 107000.,  76400.,\n",
              "         57000.],\n",
              "       [175900., 222200., 267800., 142500., 141900., 138800., 117500.,\n",
              "         49300.,  41000.,      0.,  33500.,      0., 112400.,  88100.,\n",
              "         68700.],\n",
              "       [ 93000., 122500.,  74600.,  74800.,  42200.,  57500.,  29400.,\n",
              "         97500.,  76700., 122100., 107000., 112400.,      0.,  70100.,\n",
              "         85200.],\n",
              "       [122800., 156000., 328900.,  55100.,  75700.,  72600.,  51300.,\n",
              "         49300.,  86600.,  85300.,  76400.,  88100.,  70100.,      0.,\n",
              "         15100.],\n",
              "       [140100., 171100., 129500.,  42600.,  90800.,  87700.,  66400.,\n",
              "         29900.,  67200.,  66900.,  57000.,  68700.,  85200.,  15100.,\n",
              "             0.]])"
            ]
          },
          "metadata": {}
        }
      ]
    },
    {
      "cell_type": "markdown",
      "source": [
        "Se declaran algunas constantes como lo son: el costo del galón de gasolina, el costo de la hora del vendedor, la velocidad promedio de viaje y el consumo del vehículo (en gal/km)."
      ],
      "metadata": {
        "id": "NY9T6Lao_2N6"
      },
      "id": "NY9T6Lao_2N6"
    },
    {
      "cell_type": "code",
      "execution_count": null,
      "id": "37f8d9f8",
      "metadata": {
        "id": "37f8d9f8"
      },
      "outputs": [],
      "source": [
        "consumoKwid = 1/85 # Consumo en galones por km del renault kwid.\n",
        "galonGasolina = 10766 # Precio del galón de gasolina.\n",
        "velPromedio = 75 # velocidad promedio a la que se conducirá el vehículo.\n",
        "horaVendedor = 4873 # Salario poor hora del vendedor."
      ]
    },
    {
      "cell_type": "markdown",
      "source": [
        "Realizamos todas las operaciones de matrices necesarias para unificar todos los costos del viaje que debe realizar el vendedor."
      ],
      "metadata": {
        "id": "yfS3vhSGAFGp"
      },
      "id": "yfS3vhSGAFGp"
    },
    {
      "cell_type": "code",
      "execution_count": null,
      "id": "d969659d",
      "metadata": {
        "id": "d969659d"
      },
      "outputs": [],
      "source": [
        "galones = distancias * consumoKwid # Es la cantidad de galones consumidos por cada una de las distancias teniendo en cuenta el consumo del renault Kwid\n",
        "costoGasolina = galones * galonGasolina # Es el costo en gasolina del trayecto por cada distancia\n",
        "costoViaje = costoGasolina + peajes # Es el costo de la gasolina por cada trayecto más el valor total de los peajes entre cada ciudad\n",
        "sueldoVendedor = (distancias/velPromedio) * horaVendedor # Es el tiempo que se tarda en recorrer cada trayecto a una velocidad promedio de 75 km/hora multiplicado por el valor de la hora del vendedor\n",
        "costoTotal = costoViaje + sueldoVendedor"
      ]
    },
    {
      "cell_type": "markdown",
      "source": [
        "## Optimización de la ruta.\n",
        "Se realiza la optimización de la ruta bajo el método del algoritmo genético."
      ],
      "metadata": {
        "id": "DdgSEn4Yn0Fk"
      },
      "id": "DdgSEn4Yn0Fk"
    },
    {
      "cell_type": "code",
      "execution_count": null,
      "id": "7265d864",
      "metadata": {
        "colab": {
          "base_uri": "https://localhost:8080/"
        },
        "id": "7265d864",
        "outputId": "5deaa335-c4d7-40b1-bad3-30826bb9c0d8"
      },
      "outputs": [
        {
          "output_type": "execute_result",
          "data": {
            "text/plain": [
              "[0, 1, 2, 3, 4, 5, 6, 7, 8, 9, 10, 11, 12, 13, 14]"
            ]
          },
          "metadata": {},
          "execution_count": 7
        }
      ],
      "source": [
        "cities = list(range(len(costoTotal)))\n",
        "cities"
      ]
    },
    {
      "cell_type": "code",
      "source": [
        "nombres = {\n",
        "    \"0\": 'Palmira',\n",
        "    \"1\": 'Pasto',\n",
        "    \"2\": 'Tulúa',\n",
        "    \"3\": 'Bogotá',\n",
        "    \"4\": 'Pereira',\n",
        "    \"5\": 'Armenia',\n",
        "    \"6\": 'Manizales',\n",
        "    \"7\": 'Valledupar',\n",
        "    \"8\": 'Monteria',\n",
        "    \"9\": 'Soledad',\n",
        "    \"10\": 'Cartagena',\n",
        "    \"11\": 'Barranquilla',\n",
        "    \"12\": 'Medellin',\n",
        "    \"13\":'Bucaramanga',\n",
        "    \"14\": 'Cucuta'\n",
        "  }"
      ],
      "metadata": {
        "id": "S6Pa73zPo7Jx"
      },
      "id": "S6Pa73zPo7Jx",
      "execution_count": null,
      "outputs": []
    },
    {
      "cell_type": "code",
      "source": [
        "pop = init_population(cities, costoTotal, 15)\n",
        "pop.bag\n",
        "Population.fitness = fitness\n",
        "Population.evaluate = evaluate\n",
        "Population.select = select\n",
        "Population.crossover = crossover\n",
        "Population.mutate = mutate\n",
        "\n",
        "best_path, score = genetic_algorithm(cities, costoTotal, verbose=False)\n",
        "print([nombres[str(i)] for i in best_path])\n",
        "print(\"Costo Optimizado:\",score)"
      ],
      "metadata": {
        "colab": {
          "base_uri": "https://localhost:8080/"
        },
        "id": "XZHD7QvSoN_6",
        "outputId": "5631a5c6-e2c0-4dfd-9033-6ced0339d4af"
      },
      "id": "XZHD7QvSoN_6",
      "execution_count": null,
      "outputs": [
        {
          "output_type": "stream",
          "name": "stdout",
          "text": [
            "['Palmira', 'Pasto', 'Tulúa', 'Pereira', 'Armenia', 'Manizales', 'Medellin', 'Monteria', 'Cartagena', 'Soledad', 'Barranquilla', 'Valledupar', 'Cucuta', 'Bucaramanga', 'Bogotá', 'Palmira']\n",
            "Costo Optimizado: 1372196.8125490195\n"
          ]
        }
      ]
    },
    {
      "cell_type": "markdown",
      "source": [
        "## Histograma de resultados:\n",
        "Se realiza la optimización 20 veces, con los costos minimos obtenidos se onstruye un histograma que nos muestra la distribución de los costos."
      ],
      "metadata": {
        "id": "jCQpDd52dU1D"
      },
      "id": "jCQpDd52dU1D"
    },
    {
      "cell_type": "code",
      "source": [
        "def optimize_n_times(n, cities):\n",
        "  results = []\n",
        "  while n>0:\n",
        "    _, cost = genetic_algorithm(cities, costoTotal, verbose=False)\n",
        "    results.append(cost)\n",
        "    n-=1\n",
        "  return results\n",
        "\n",
        "n_simuls = optimize_n_times(20, cities)\n",
        "print(n_simuls)"
      ],
      "metadata": {
        "colab": {
          "base_uri": "https://localhost:8080/"
        },
        "id": "zhViSFuOdYby",
        "outputId": "e50f39dc-9b72-4860-ef68-514532dc7e58"
      },
      "id": "zhViSFuOdYby",
      "execution_count": null,
      "outputs": [
        {
          "output_type": "stream",
          "name": "stdout",
          "text": [
            "[1372196.8125490197, 1340697.6407843137, 1334127.2996078432, 1340697.640784314, 1340697.6407843137, 1340697.6407843137, 1334127.2996078432, 1340697.640784314, 1334127.2996078432, 1334127.2996078432, 1482688.2015686273, 1340697.6407843137, 1340697.640784314, 1334127.2996078432, 1340697.640784314, 1344047.43372549, 1334127.2996078432, 1372811.891764706, 1334127.2996078432, 1334127.2996078432]\n"
          ]
        }
      ]
    },
    {
      "cell_type": "code",
      "source": [
        "tick_max=max(n_simuls)\n",
        "ticks = []\n",
        "ticks.append(min(n_simuls))\n",
        "for i in range(1,7):\n",
        "  ticks.append(ticks[i-1]+(tick_max-ticks[0])/6)\n",
        "plt.hist(n_simuls, bins=4, rwidth=0.98)\n",
        "plt.xticks(ticks)\n",
        "#plt.title(\"Histograma de costos para 20 ejecuciones del optimizador.\")\n",
        "plt.xlabel(\"Costo Total Optimizado\")\n",
        "plt.ylabel(\"Cantidad de observaciones.\")\n",
        "plt.show()"
      ],
      "metadata": {
        "colab": {
          "base_uri": "https://localhost:8080/",
          "height": 449
        },
        "id": "eJRTL-R1deKe",
        "outputId": "83069344-cf9c-4a57-a2d4-bc1d8d007070"
      },
      "id": "eJRTL-R1deKe",
      "execution_count": null,
      "outputs": [
        {
          "output_type": "display_data",
          "data": {
            "text/plain": [
              "<Figure size 640x480 with 1 Axes>"
            ],
